# Number of customers
param N := 14;
 
# Number of vehicles
param K := 2;
 
# Vehicle capacity
param Q := 10;
 
# Demand of each customer
param q :=
1 1
2 1
3 1
4 1
5 1
6 1
7 1
8 1
9 1
10 1
11 1
12 1
13 1
14 1
;
 
# Distance matrix
param c :  0 1 2 3 4 5 6 7 8 9 10 11 12 13 14 15 :=
0 . 654 956 894 256 467 311 272 282 282 403 588 545 429 652 0
1 654 . 839 399 733 508 451 667 663 663 782 912 1111 770 965 654
2 956 839 . 564 772 1198 1041 1178 1182 1182 656 583 1489 1336 1570 956
3 894 399 564 . 858 892 797 999 998 998 834 890 1418 1128 1340 894
4 256 733 772 858 . 698 525 528 537 537 151 333 728 684 903 256
5 467 508 1198 892 698 . 178 270 259 259 825 1006 687 291 459 467
6 311 451 1041 797 525 178 . 217 212 212 648 829 663 332 551 311
7 272 667 1178 999 528 270 217 . 13 13 674 859 448 163 395 272
8 282 663 1182 998 537 259 212 13 . 0 683 868 454 156 389 282
9 282 663 1182 998 537 259 212 13 0 . 683 868 454 156 389 282
10 403 782 656 834 151 825 648 674 683 683 . 186 868 832 1053 403
11 588 912 583 890 333 1006 829 859 868 868 186 . 1027 1016 1235 588
12 545 1111 1489 1418 728 687 663 448 454 454 868 1027 . 407 426 545
13 429 770 1336 1128 684 291 332 163 156 156 832 1016 407 . 234 429
14 652 965 1570 1340 903 459 551 395 389 389 1053 1235 426 234 . 652
15 0 654 956 894 256 467 311 272 282 282 403 588 545 429 652 .
;
 
# Service time
param s :=
0 0
1 12
2 12
3 12
4 12
5 12
6 12
7 12
8 12
9 12
10 12
11 12
12 12
13 12
14 12
15 0
;
 
# Service window opening
param a :=
0 116.71
1 120
2 360
3 360
4 540
5 600
6 600
7 660
8 660
9 720
10 720
11 900
12 900
13 900
14 960
15 135.29
;
 
# Service window closing
param b :=
0 1015.72
1 179
2 419
3 419
4 599
5 659
6 659
7 719
8 719
9 779
10 779
11 959
12 959
13 959
14 1019
15 1034.28
;
 
# Time to reach destination
param t :  0 1 2 3 4 5 6 7 8 9 10 11 12 13 14 15 :=
0 . 3.29 4.82 4.5 1.29 2.35 1.57 1.37 1.42 1.42 2.03 2.96 2.75 2.16 3.28 0
1 3.29 . 4.23 2.01 3.69 2.56 2.27 3.36 3.34 3.34 3.94 4.59 5.6 3.88 4.86 3.29
2 4.82 4.23 . 2.84 3.89 6.04 5.24 5.93 5.95 5.95 3.3 2.94 7.5 6.73 7.91 4.82
3 4.5 2.01 2.84 . 4.32 4.49 4.02 5.03 5.03 5.03 4.2 4.48 7.14 5.68 6.75 4.5
4 1.29 3.69 3.89 4.32 . 3.52 2.64 2.66 2.71 2.71 0.76 1.68 3.67 3.45 4.55 1.29
5 2.35 2.56 6.04 4.49 3.52 . 0.9 1.36 1.3 1.3 4.16 5.07 3.46 1.47 2.31 2.35
6 1.57 2.27 5.24 4.02 2.64 0.9 . 1.09 1.07 1.07 3.26 4.18 3.34 1.67 2.78 1.57
7 1.37 3.36 5.93 5.03 2.66 1.36 1.09 . 0.07 0.07 3.4 4.33 2.26 0.82 1.99 1.37
8 1.42 3.34 5.95 5.03 2.71 1.3 1.07 0.07 . 0 3.44 4.37 2.29 0.79 1.96 1.42
9 1.42 3.34 5.95 5.03 2.71 1.3 1.07 0.07 0 . 3.44 4.37 2.29 0.79 1.96 1.42
10 2.03 3.94 3.3 4.2 0.76 4.16 3.26 3.4 3.44 3.44 . 0.94 4.37 4.19 5.3 2.03
11 2.96 4.59 2.94 4.48 1.68 5.07 4.18 4.33 4.37 4.37 0.94 . 5.17 5.12 6.22 2.96
12 2.75 5.6 7.5 7.14 3.67 3.46 3.34 2.26 2.29 2.29 4.37 5.17 . 2.05 2.15 2.75
13 2.16 3.88 6.73 5.68 3.45 1.47 1.67 0.82 0.79 0.79 4.19 5.12 2.05 . 1.18 2.16
14 3.28 4.86 7.91 6.75 4.55 2.31 2.78 1.99 1.96 1.96 5.3 6.22 2.15 1.18 . 3.28
15 0 3.29 4.82 4.5 1.29 2.35 1.57 1.37 1.42 1.42 2.03 2.96 2.75 2.16 3.28 .
;
 
# M to linearise consistency of time variables
param M :  0 1 2 3 4 5 6 7 8 9 10 11 12 13 14 15 :=
0 . 899.01 660.54 660.22 477.01 418.07 417.29 357.09 357.14 297.14 297.75 118.68 118.47 117.88 59 880.43
1 77.58 . 0 0 0 0 0 0 0 0 0 0 0 0 0 59
2 319.11 315.23 . 73.84 0 0 0 0 0 0 0 0 0 0 0 300.53
3 318.79 313.01 73.84 . 0 0 0 0 0 0 0 0 0 0 0 300.21
4 495.58 494.69 254.89 255.32 . 14.52 13.64 0 0 0 0 0 0 0 0 477
5 556.64 553.56 317.04 315.49 134.52 . 71.9 12.36 12.3 0 0 0 0 0 0 538.06
6 555.86 553.27 316.24 315.02 133.64 71.9 . 12.09 12.07 0 0 0 0 0 0 537.28
7 615.66 614.36 376.93 376.03 193.66 132.36 132.09 . 71.07 11.07 14.4 0 0 0 0 597.08
8 615.71 614.34 376.95 376.03 193.71 132.3 132.07 71.07 . 11 14.44 0 0 0 0 597.13
9 675.71 674.34 436.95 436.03 253.71 192.3 192.07 131.07 131 . 74.44 0 0 0 0 657.13
10 676.32 674.94 434.3 435.2 251.76 195.16 194.26 134.4 134.44 74.44 . 0 0 0 0 657.74
11 857.25 855.59 613.94 615.48 432.68 376.07 375.18 315.33 315.37 255.37 251.94 . 76.17 76.12 17.22 838.67
12 857.04 856.6 618.5 618.14 434.67 374.46 374.34 313.26 313.29 253.29 255.37 76.17 . 73.05 13.15 838.46
13 856.45 854.88 617.73 616.68 434.45 372.47 372.67 311.82 311.79 251.79 255.19 76.12 73.05 . 12.18 837.87
14 917.57 915.86 678.91 677.75 495.55 433.31 433.78 372.99 372.96 312.96 316.3 137.22 133.15 132.18 . 898.99
15 917.57 917.57 679.1 678.78 495.57 436.63 435.85 375.65 375.7 315.7 316.31 137.24 137.03 136.44 77.56 .
;
